D8m6635	D8m6676	D8m6608	D8m6678	D8m6621	D8m6673	D8m6669	D8m6596	D8m6601	D8m6629	D8m6618	D8m6597	D8m6664	D8m6657	D8m6607	D8m6661	D8m6583	D8m6671	D8m6610	D8m6675	D8m6580	D8m6623	D8m6645	D8m6584	D8m6595	D8m6670	D8m6640	D8m6633	D8m6646	D8m6660	D8m6609	D8m6594	D8m6634	D8m6666	D8m6643	D8m6668	D8m6625	D8m6655	D8m6590	D8m6593	D8m6658	D8m6636	D8m6603	D8m6591	D8m6654	D8m6598	D8m6586	D8m6599	D8m6672	D8m6651	D8m6585	D8m6582	D8m6620	D8m6641	D8m6639	D8m6614	D8m6604	D8m6642	D8m6605	D8m6663	D8m6627	D8m6602	D8m6612	D8m6581	D8m6600	D8m6650	D8m6649	D8m6656	D8m6587	D8m6667	D8m6589	D8m6606	D8m6615	D8m6617	D8m6637	D8m6677	D8m6674	D8m6632	D8m6662	D8m6626	D8m6630	D8m6665	D8m6653	D8m6588	D8m6616	D8m6611	D8m6652	D8m6631	D8m6644	D8m6622	D8m6648	D8m6659	D8m6647	D8m6638	D8m6592	D8m6619	D8m6624	D8m6613	D8m6628
k__Bacteria;__	215	296	64	435	351	113	158	497	418	104	70	301	262	241	71	544	51	73	135	688	618	59	69	76	818	146	281	119	104	235	31	182	322	173	161	104	57	216	791	193	180	157	142	613	110	131	204	573	207	89	116	368	182	259	124	80	58	69	74	258	75	217	356	634	373	223	261	170	397	144	284	62	68	180	86	406	94	152	487	233	119	214	102	277	218	81	148	100	197	451	127	267	137	147	227	35	349	270	33
k__Bacteria;p__	6	385	0	104	275	12	61	226	206	73	3	130	62	19	0	81	0	87	15	214	7	25	43	2	408	97	85	43	69	44	15	71	7	54	132	134	58	27	673	75	51	27	56	220	3	114	108	317	100	13	83	5	38	66	45	20	12	39	20	97	21	141	30	42	123	111	116	19	348	42	63	2	6	67	37	120	7	43	91	188	0	71	0	237	64	17	16	0	63	215	17	27	25	49	83	9	57	34	22
k__Bacteria;p__Acidobacteria	11	99	4	79	51	20	256	135	111	44	5	70	32	37	17	133	14	32	19	234	48	42	13	13	254	84	30	27	18	79	7	68	8	49	86	19	43	24	562	137	24	15	14	301	14	38	59	256	12	22	31	27	10	54	11	34	21	76	16	62	53	67	178	125	140	102	68	22	58	7	133	12	22	76	20	53	3	37	120	109	5	68	25	33	72	5	108	2	69	128	90	204	63	9	116	2	83	99	107
k__Bacteria;p__Actinobacteria	453	190	11	184	32	46	104	180	50	30	72	6	69	49	11	50	27	3	46	118	622	14	11	52	77	39	16	15	14	124	24	25	461	5	13	15	7	166	8	58	92	43	36	4	60	3	94	19	0	25	16	408	55	18	42	29	35	3	13	30	49	73	53	125	13	25	45	191	47	5	15	5	17	138	51	142	19	34	68	10	129	11	42	27	101	45	44	122	63	15	77	142	47	29	5	28	7	52	36
k__Bacteria;p__Bacteroidetes	20	43	72	11	9	11	2	3	6	0	32	18	10	121	28	24	88	58	40	45	9	6	21	84	17	2	12	4	72	20	110	72	0	8	10	15	25	62	2	37	16	4	16	8	6	0	10	10	44	5	0	10	10	14	0	9	5	128	75	60	7	7	50	5	13	12	4	3	2	15	4	74	56	0	5	13	17	3	53	23	111	5	12	0	0	29	5	34	35	19	7	5	10	0	206	30	55	29	4
k__Bacteria;p__Chlamydiae	0	17	0	0	2	6	0	0	0	0	0	0	8	0	0	3	0	0	0	35	0	5	0	0	0	2	0	0	0	0	0	0	0	0	0	0	0	0	0	0	0	26	0	0	0	0	4	0	0	8	0	0	0	0	0	0	0	0	0	4	0	2	7	0	0	0	0	0	0	0	0	0	0	0	19	0	4	0	0	0	0	0	0	0	0	0	2	0	0	0	32	0	4	0	0	0	0	0	0
k__Bacteria;p__Chlorobi	0	0	0	0	0	0	0	0	0	0	0	0	0	0	0	0	0	0	0	0	0	0	0	0	0	0	0	0	0	0	0	0	0	0	0	0	0	0	0	0	0	0	0	0	0	0	8	0	0	0	0	0	0	0	0	0	0	0	0	0	0	0	0	0	0	0	0	0	0	0	0	0	0	0	4	0	0	0	0	0	0	0	0	0	0	0	0	0	0	0	0	0	0	0	0	0	0	0	0
k__Bacteria;p__Chloroflexi	10	0	0	34	0	0	2	13	10	0	32	0	0	0	0	0	34	0	0	0	8	0	0	28	10	0	0	0	0	3	0	2	4	0	3	0	0	0	0	2	0	0	3	27	0	0	0	0	0	3	0	4	0	0	0	5	2	4	0	0	0	13	0	7	0	0	0	2	0	0	6	0	6	0	0	31	0	0	2	0	0	0	2	0	0	0	11	0	0	0	4	3	0	0	4	25	0	3	0
k__Bacteria;p__Firmicutes	89	80	14	229	8	37	15	124	57	83	16	110	97	36	198	176	53	48	33	93	107	43	64	61	150	3	13	82	50	63	9	17	157	74	22	69	7	55	49	17	27	66	17	12	45	42	132	116	48	27	12	58	14	64	236	31	20	6	57	105	12	61	80	79	38	15	35	41	167	27	29	16	36	15	128	227	41	136	157	24	37	112	30	170	35	71	65	52	24	15	112	56	110	167	6	21	18	121	7
k__Bacteria;p__Gemmatimonadetes	11	91	19	9	23	58	134	17	80	37	5	26	45	42	10	122	1	32	42	147	0	27	22	0	25	68	193	99	14	31	4	31	18	88	95	52	6	28	115	147	23	7	24	181	58	11	10	132	21	47	33	0	11	425	3	40	5	35	31	24	0	46	43	50	88	147	189	64	13	169	138	24	26	139	15	12	34	212	148	122	35	118	40	13	136	1	55	16	92	119	21	35	18	2	95	0	192	26	7
k__Bacteria;p__NC10	0	0	0	0	3	0	0	0	24	0	0	0	0	0	0	0	0	0	0	0	0	0	0	0	0	2	0	0	0	0	0	15	0	0	0	0	4	0	0	11	0	0	0	2	0	0	0	0	2	0	0	0	0	0	2	2	0	0	0	0	0	15	0	0	0	0	0	0	10	0	0	0	0	8	0	0	0	0	0	0	0	0	0	7	7	0	0	0	16	0	0	0	0	0	0	0	0	0	0
k__Bacteria;p__Nitrospirae	0	2	5	5	6	0	4	3	7	9	4	7	2	7	2	3	5	0	3	5	8	3	5	2	12	8	2	2	6	14	5	4	6	2	2	1	9	2	11	4	4	4	0	0	6	4	3	7	0	0	3	5	3	2	3	7	3	0	4	0	11	8	0	10	2	4	9	11	11	2	2	0	4	20	0	9	0	2	3	3	4	1	7	7	10	2	3	4	8	18	23	2	6	5	1	0	10	0	7
k__Bacteria;p__OD1	0	0	0	0	0	0	0	0	7	0	0	0	0	0	0	0	0	0	0	0	0	0	0	0	0	0	0	0	0	0	0	0	0	0	0	0	0	0	0	0	0	0	0	0	0	0	0	0	0	0	0	0	0	0	0	0	0	0	0	0	0	6	0	0	0	0	0	0	0	0	0	0	0	0	0	0	0	0	0	0	0	0	0	0	0	0	0	0	0	0	0	0	0	0	0	0	0	0	0
k__Bacteria;p__Planctomycetes	0	0	0	3	5	8	0	3	0	0	2	7	0	0	0	0	0	2	0	0	23	0	0	6	2	0	5	0	2	18	0	0	20	0	0	12	0	0	4	0	0	2	0	0	0	4	14	0	0	0	11	21	3	5	2	0	0	0	0	0	0	0	0	35	0	2	5	0	9	5	9	0	0	0	3	3	2	0	0	0	0	0	0	10	0	2	2	0	2	16	0	4	0	2	0	0	4	0	0
k__Bacteria;p__Proteobacteria	1040	1547	2203	1253	705	986	649	562	687	396	1792	708	919	2869	3397	758	2578	752	810	1619	983	1599	869	4043	968	1058	582	671	515	1021	1658	801	877	1057	1722	660	780	1388	517	740	1876	1107	715	852	1358	500	1248	552	999	265	308	518	1121	953	222	539	788	1275	2520	1417	643	1231	654	950	729	524	646	449	383	607	876	3442	938	309	1036	978	1704	624	629	362	2383	1269	1279	242	388	1177	1157	395	1552	964	804	1484	1015	232	1368	1291	978	487	903
k__Bacteria;p__Spirochaetes	0	0	0	0	0	2	0	3	0	0	0	0	0	0	0	0	0	0	3	6	0	0	0	0	4	0	0	0	0	0	0	0	0	0	0	0	2	0	0	0	0	7	0	0	0	0	32	0	0	0	0	0	0	0	0	0	0	0	0	0	0	2	0	0	0	0	0	0	0	0	0	0	0	0	20	0	2	0	0	0	2	0	0	0	0	21	3	0	0	0	0	0	0	0	0	0	0	0	0
k__Bacteria;p__TM6	0	170	0	2	0	37	0	0	0	0	0	0	7	0	0	34	0	0	0	86	0	0	0	0	0	0	0	0	0	0	0	0	0	0	4	0	2	0	0	0	0	13	0	0	0	0	4	0	0	0	0	0	0	0	0	0	0	0	0	2	2	0	0	0	0	0	0	0	0	0	0	0	2	0	11	5	0	0	23	0	0	0	0	0	0	2	10	0	0	0	0	17	0	0	0	0	0	2	5
k__Bacteria;p__Verrucomicrobia	0	0	2	32	16	0	4	29	0	0	3	34	0	2	0	24	0	0	0	8	13	0	8	0	4	6	2	4	5	2	10	16	6	0	4	0	8	0	6	46	2	0	4	29	0	210	0	6	3	0	0	0	19	2	8	4	3	2	3	6	6	0	2	6	2	2	0	3	17	2	7	17	11	7	3	26	0	0	24	3	2	0	4	24	7	0	0	2	24	0	11	2	7	9	24	2	0	3	8
k__Bacteria;p__WS3	0	0	0	0	0	0	0	0	0	0	0	0	0	0	0	0	0	0	0	0	0	0	0	0	0	0	0	0	0	0	0	0	0	0	0	0	0	0	0	0	0	0	0	8	0	0	0	0	0	0	0	0	0	0	0	0	0	0	0	0	0	0	0	0	0	0	0	0	3	0	0	0	0	0	0	0	0	0	0	0	0	0	0	0	0	0	0	0	0	19	0	0	0	0	0	0	0	0	0
